SETTING GRID_LENGTH 50
SETTING NB_SPAWN_FOOD 500
SETTING FOOD_ENERGY 100
SETTING BOB_SPAWN_ENERGY 100
SETTING BOB_MAX_ENERGY 200
SETTING BOB_NEWBORN_ENERGY 50
SETTING SEXUAL_BORN_ENERGY 100
SETTING BOB_STATIONARY_ENERGY_LOSS 0.5
SETTING BOB_SELF_REPRODUCTION_ENERGY_LOSS 150
SETTING BOB_SEXUAL_REPRODUCTION_LOSS 100
SETTING BOB_SEXUAL_REPRODUCTION_LEVEL 150
SETTING PERCEPTION_FLAT_PENALTY 0.2
SETTING MEMORY_FLAT_PENALTY 0.2
SETTING DEFAULT_VELOCITY 1.0
SETTING DEFAULT_MASS 1.0
SETTING DEFAULT_VISION 5
SETTING DEFAULT_MEMORY_POINT 0
SETTING MASS_VARIATION 0.1
SETTING VELOCITY_VARIATION 0.1
SETTING VISION_VARIATION 1
SETTING MEMORY_POINT_VARIATION 1
SETTING SELF_REPRODUCTION True
SETTING SEXUAL_REPRODUCTION True
SETTING TICK_PER_DAY 50
GAME NB_BOB 340
GAME NB_BOB_SPAWNED 823
GAME CURRENT_TICK 13
GAME CURRENT_DAY 3
BOB 799 29 24 35.6 0.85 1.19 5 1
BOB 565 0 40 142.86 0.96 1.2 4 1
BOB 840 15 1 138.84 1.27 1.41 6 0
BOB 750 10 35 78.2 1.06 1.17 6 3
BOB 811 30 43 37.1 0.94 1.2 4 0
BOB 578 11 30 135.45 0.93 1.11 8 1
BOB 699 26 23 78.07 0.87 1.21 5 0
BOB 205 46 36 27.9 0.79 1.13 4 2
BOB 585 41 12 50 1.03 1.09 4 1
BOB 549 18 37 160.05 1.06 1.07 5 1
BOB 252 34 24 134.81 0.91 1.14 6 2
BOB 209 33 25 167.97 0.99 1.14 5 0
BOB 729 27 1 131.7 1.12 0.99 5 0
BOB 862 43 46 45.51 1.12 1.03 6 1
BOB 772 0 46 139.54 0.98 0.99 3 0
BOB 849 18 23 45.92 0.93 0.98 1 2
BOB 491 42 0 88.94 1.07 1.0 3 1
BOB 488 2 5 50 0.99 1.05 5 0
BOB 253 31 3 68.55 1.06 1.06 4 0
BOB 256 18 7 51.86 0.85 1.07 6 0
BOB 446 45 27 36.78 0.97 1.08 4 3
BOB 554 21 3 38.86 1.02 1.09 4 0
BOB 854 13 4 46.34 1.18 0.99 5 0
BOB 383 0 30 67.01 0.9 0.98 7 1
BOB 802 24 8 133.85 1.21 1.0 8 0
BOB 825 17 25 39.38 1.03 1.0 6 0
BOB 74 43 12 138.95 0.97 1.02 6 0
BOB 805 30 44 39.5 1.13 1.17 1 0
BOB 843 3 30 45.16 1.05 0.96 4 0
BOB 731 49 45 133.9 1.05 1.0 3 1
BOB 700 36 41 131.63 0.9 1.09 3 0
BOB 789 48 35 134.0 0.97 0.99 6 1
BOB 807 6 27 33.74 1.12 1.16 6 0
BOB 305 44 24 119.26 1.08 0.99 8 2
BOB 155 41 12 197.92 0.88 1.06 3 1
BOB 830 45 49 140.28 0.68 1.23 4 3
BOB 826 37 49 40.14 1.14 0.98 5 0
BOB 713 14 27 36.0 0.99 1.1 1 0
BOB 749 38 39 133.68 0.83 1.12 5 0
BOB 532 24 9 100.7 0.95 0.93 6.5 0
BOB 855 8 35 47.65 1.19 0.94 2 0
BOB 614 14 11 133.4 0.93 0.98 5.5 1.5
BOB 334 17 5 101.88 0.97 0.98 7 1
BOB 500 49 46 50 0.85 1.27 4 2
BOB 810 40 11 50 0.93 0.97 4 2
BOB 259 42 23 149.0 1.0 0.99 3 1
BOB 346 25 8 139.0 0.94 0.98 5 0
BOB 815 26 9 136.3 1.0 0.98 6 1
BOB 263 45 26 137.14 0.9 0.99 4 0
BOB 108 34 8 188.51999999999998 1.15 1.19 5 1
BOB 746 1 39 200 1.03 1.24 3 1
BOB 576 18 47 70.69 0.9 1.38 3 1
BOB 853 4 48 45.84 1.08 0.89 7 0
BOB 134 15 25 72.2 1.1 0.94 7 0
BOB 734 14 23 133.66 1.12 0.98 2 2
BOB 559 44 12 107.0 0.89 0.98 4 0
BOB 785 25 36 200 0.99 0.98 5 0
BOB 817 43 11 40.98 0.95 0.96 5 0
BOB 821 45 0 140.02 0.92 0.97 4 2
BOB 697 4 49 77.08 1.01 0.99 7 0
BOB 483 49 46 88.34 0.96 0.93 4 0
BOB 845 17 6 42.54 0.83 0.97 8 1
BOB 501 2 15 13.82 0.92 0.98 3 0
BOB 724 45 23 135.69 0.83 1.09 3 0
BOB 636 24 25 120.86 0.85 1.11 3 0
BOB 610 33 36 86.5 0.98 0.96 6 0
BOB 752 33 34 34.84 1.05 0.85 6 0
BOB 128 23 14 37.82 0.98 0.89 5 0
BOB 188 23 16 63.6 1.07 0.96 5 0
BOB 832 34 35 124.00999999999999 1.01 0.98 4 2
BOB 829 33 7 37.44 1.21 1.2 7 0
BOB 67 7 41 103.44 0.92 1.1 4 0
BOB 856 44 11 47.18 0.91 0.89 3 1
BOB 781 0 40 37.9 1.06 0.97 3 1
BOB 837 34 30 142.12 0.99 0.93 4 2
BOB 823 34 25 141.46 0.86 0.94 3 2
BOB 839 44 46 103.72 1.14 0.95 6 0
BOB 613 11 49 108.32 1.02 0.96 4 0
BOB 775 13 5 87.36 1.18 0.97 6 0
BOB 717 24 31 135.51 0.7 1.2 2 1
BOB 732 32 7 38.12 1.17 1.23 6 0
BOB 857 48 4 46.87 0.85 0.86 4 1
BOB 345 2 31 91.89 1.05 0.97 5 0
BOB 765 11 20 30.12 1.0 0.97 7.5 0.5
BOB 88 27 49 88.39 0.99 1.16 6 0
BOB 728 31 30 125.43 0.97 1.08 6 2
BOB 711 1 3 200 1.04 0.97 4 1
BOB 709 19 19 85.57 0.95 0.97 3 1
BOB 120 3 32 45.08 1.0 1.02 3 0
BOB 117 21 20 83.87 1.04 1.02 4 0
BOB 182 39 45 163.67 0.78 1.14 3 0
BOB 848 44 46 44.34 0.9 0.93 6 0
BOB 813 48 16 135.05 1.08 0.95 5 3
BOB 788 17 1 40.97 1.17 1.31 5 0
BOB 556 4 24 71.38 1.01 1.12 5 0
BOB 539 15 17 35.62 0.91 0.96 5 0
BOB 465 48 43 72.94 0.98 0.83 5 1
BOB 586 3 13 120.7 1.16 0.89 4 3
BOB 414 34 35 67.91 1.02 0.89 5 0
BOB 353 40 3 93.4 1.05 0.95 4 1
BOB 719 10 35 46.6 1.17 0.97 3 0
BOB 758 45 35 134.6 1.13 0.84 6 0
BOB 274 9 26 120.81 0.98 0.96 4 1
BOB 307 42 11 140.1 0.95 0.97 4 1
BOB 278 43 30 181.4 0.86 1.18 4 0
BOB 100 18 17 129.7 1.01 0.97 6 0
BOB 858 22 7 46.41 0.98 0.84 5 1
BOB 322 24 46 47.61 1.07 0.96 5 2
BOB 710 33 44 66.47 0.95 1.08 5 1
BOB 716 27 13 80.38 1.12 1.1 4 2
BOB 801 24 45 135.06 1.01 1.13 4 2
BOB 820 17 8 38.55 0.81 1.16 6 0
BOB 842 34 22 41.12 1.05 1.22 5 2
BOB 718 16 10 130.38 1.01 1.08 4 1
BOB 250 33 45 38.42 0.92 1.11 4 0
BOB 392 38 28 186.6 0.97 1.12 4 0
BOB 510 31 27 156.94 0.97 1.15 5 1
BOB 794 24 43 132.15 0.93 1.11 5 2
BOB 550 44 16 158.64 0.82 1.15 3 2
BOB 835 31 10 43.84 0.95 0.93 4 0
BOB 712 33 24 134.4 0.84 1.07 1 2
BOB 185 46 26 53.19 0.9 1.13 3 1
BOB 139 15 3 154.22 1.2 1.22 4 0
BOB 608 38 42 50.94 0.92 1.03 2 1
BOB 784 44 24 37.64 0.92 0.94 5 0
BOB 773 12 1 88.2 1.02 0.94 4 2
BOB 743 46 47 82.8 0.76 1.23 5 2
BOB 764 27 9 145.32 0.93 0.95 4 1
BOB 533 15 23 31.78 1.17 0.96 4 0
BOB 179 49 20 46.92 0.95 1.02 4 0
BOB 795 34 8 137.4 1.03 0.79 4 2
BOB 612 12 45 191.07 0.96 0.92 3 0
BOB 373 5 24 45.23 0.97 0.92 5 0
BOB 816 4 14 37.85 1.01 0.94 3 3
BOB 138 10 3 136.32 1.02 0.96 4 2
BOB 303 17 33 142.2 1.06 0.84 6 0
BOB 590 23 7 50 1.08 1.01 3 2
BOB 703 40 19 127.23 1.04 1.06 4.5 0
BOB 725 44 41 129.38 1.02 0.96 6 1
BOB 770 38 1 135.04 1.17 0.93 4 2
BOB 535 27 26 101.43 0.77 1.2 3 0
BOB 701 45 24 123.6 0.91 1.15 3 3
BOB 183 32 20 110.58 1.0 0.92 5 0
BOB 507 44 23 164.36 1.1 1.01 4 2
BOB 683 41 44 84.75 1.09 0.83 3 0
BOB 763 45 11 89.5 0.9 0.93 4 0
BOB 748 48 3 89.75 0.83 0.94 4 0
BOB 226 47 3 90.94 1.0 0.98 5 1
BOB 707 11 27 132.5 1.02 1.06 3 0
BOB 504 34 20 135.85 0.96 1.27 6 1
BOB 822 31 40 41.4 1.03 1.13 2 0
BOB 776 12 36 133.13 1.06 1.07 5 1
BOB 754 40 26 34.01 0.92 1.08 4 1
BOB 824 10 7 81.0 1.16 1.11 3 0
BOB 834 26 11 40.84 1.13 1.15 3 1
BOB 315 23 7 43.41 1.12 0.94 7 0
BOB 470 43 26 67.7 0.99 1.09 3 3
BOB 798 46 4 50 0.89 1.09 3.5 2.0
BOB 814 0 31 136.1 0.92 0.91 6 2
BOB 558 17 19 34.9 0.94 0.92 7 0
BOB 744 25 30 39.03 0.94 0.93 2 1
BOB 567 28 16 62.0 1.06 0.99 5 2
BOB 68 15 24 172.28 1.02 1.03 3 1
BOB 819 7 27 37.2 0.98 1.09 6 1
BOB 631 34 45 122.97 0.8 1.14 4 1
BOB 757 34 26 34.4 0.94 1.2 3 0
BOB 778 33 16 35.7 1.06 0.92 4 2
BOB 847 10 3 42.98 1.07 1.2 4 0
BOB 803 13 47 36.5 1.09 0.92 4 3
BOB 739 37 48 132.58 1.1 0.95 5 0
BOB 62 24 34 59.76 0.94 0.99 5 0
BOB 714 16 18 129.08 1.23 1.06 3 1
BOB 841 25 47 42.35 1.0 1.16 6 0
BOB 759 8 34 89.12 0.88 1.08 2 1
BOB 463 16 47 177.46 0.85 1.36 3 0
BOB 767 23 7 132.48 0.97 0.8 7 1
BOB 648 13 45 71.76 1.06 0.99 6 1
BOB 755 42 13 137.52 0.85 1.06 3 0
BOB 706 44 36 129.9 0.76 1.15 4 1
BOB 782 46 20 36.06 1.02 0.91 3 3
BOB 780 12 44 32.2 1.07 1.08 5 2
BOB 137 28 38 162.1 1.03 0.85 6 1
BOB 192 26 22 90.82 1.02 0.98 4 1
BOB 747 34 0 33.44 1.13 1.06 3 1
BOB 777 33 32 135.93 0.9 1.06 5 0
BOB 530 29 2 73.87 1.09 1.13 4 0
BOB 669 10 4 43.64 1.07 1.11 4 0
BOB 163 15 10 140.22 0.88 0.95 6 0
BOB 594 14 13 34.32 0.88 0.99 4.5 1.0
BOB 584 37 25 58.22 0.91 0.99 4 0
BOB 574 3 42 100.74 1.01 0.99 4 0
BOB 761 17 4 42.44 0.87 0.91 7 2
BOB 570 29 44 147.72 0.88 0.99 6 1
BOB 771 40 42 39.99 0.75 1.05 2 1
BOB 378 34 34 50 1.06 1.1 3 0
BOB 833 10 26 130.74 1.02 0.84 4 2
BOB 404 12 36 109.34 1.04 1.13 5 0
BOB 694 27 49 128.33 0.76 1.13 5 0
BOB 844 0 40 42.59 1.03 1.11 5 1
BOB 762 11 26 41.8 1.03 0.91 5 1
BOB 766 36 21 133.12 1.08 1.06 4.5 0
BOB 797 48 24 33.83 0.97 1.07 5.5 0.5
BOB 721 27 47 79.75 1.04 1.18 6 0
BOB 741 19 45 136.0 0.81 1.29 2 0
BOB 791 34 36 88.68 0.98 0.89 5 1
BOB 783 25 10 136.12 0.98 0.92 5 1
BOB 272 31 42 65.4 0.97 1.04 1 0
BOB 786 15 35 131.45 0.95 1.05 7 1
BOB 753 21 11 36.27 0.97 1.06 3.5 0
BOB 509 8 11 179.11 0.95 0.99 5.5 0.5
BOB 566 26 38 188.58 1.0 0.99 5 0
BOB 545 3 12 39.15 1.07 0.9 3 2
BOB 502 33 23 62.12 0.86 1.04 2 1
BOB 851 42 8 46.14 1.03 1.22 2 0
BOB 279 40 11 110.57 0.9 1.04 5 1
BOB 760 12 11 134.08 0.94 1.06 5 0
BOB 251 23 23 145.35 0.96 0.91 6 1
BOB 165 42 42 132.84 1.0 1.01 3 0
BOB 715 9 38 128.76 0.86 1.16 5 1
BOB 818 27 19 40.48 0.83 0.87 4.5 2
BOB 793 28 19 134.39 0.92 1.06 5 1
BOB 655 11 9 64.0 1.15 0.95 5 0
BOB 838 5 10 39.56 1.0 1.1 4 3
BOB 733 41 9 118.98 1.02 1.18 3 1
BOB 495 7 28 88.31 1.02 1.16 6 1
BOB 792 24 45 31.31 1.15 1.05 5 2
BOB 846 20 33 46.56 1.01 0.75 3 0
BOB 485 32 22 168.24 0.86 1.19 4 1
BOB 806 43 26 40.52 0.91 1.04 1 2
BOB 742 34 25 127.76 1.01 1.17 6 1
BOB 730 27 1 128.58 1.04 1.15 5 0
BOB 658 30 22 39.85 0.92 0.89 5.5 1
BOB 702 22 45 75.72 1.07 1.04 4 3
BOB 827 8 21 39.9 0.96 1.08 4.5 0
BOB 142 8 36 172.9 1.13 0.95 4 1
BOB 164 10 26 48.03 1.17 0.91 5 0
BOB 852 9 34 43.5 0.96 1.14 7 3
BOB 768 0 24 37.4 0.94 1.03 4 0
BOB 331 39 27 129.82 0.77 1.15 3 2
BOB 836 49 44 142.54 1.07 0.82 4 2
BOB 720 13 20 31.1 1.12 0.92 5 1
BOB 779 24 33 135.46 0.85 1.05 6 0
BOB 261 39 29 60.49 0.9 1.12 3 0
BOB 487 36 8 113.47 1.09 0.87 5 1
BOB 522 31 49 80.9 1.12 0.9 5 1
BOB 411 8 23 159.1 0.96 1.07 5 1
BOB 218 28 10 118.75 0.82 0.88 4 0
BOB 756 49 32 48.0 0.94 1.03 3 2
BOB 751 38 43 35.52 0.75 1.16 4 0
BOB 695 47 0 182.76 0.92 0.92 5 0
BOB 696 42 28 37.64 0.99 1.13 2 2
BOB 588 35 46 112.33 0.84 1.13 5 0
BOB 516 23 7 117.49 0.89 0.88 6 1
BOB 520 14 45 85.08 1.01 0.9 4 2
BOB 369 7 10 131.72 0.97 1.05 3 2
BOB 313 11 15 121.42 1.08 0.91 4 3
BOB 738 23 8 30.02 1.04 0.91 6 1
BOB 698 6 20 80.05 1.01 1.02 5 0
BOB 406 24 44 81.7 1.02 1.06 4 1
BOB 745 26 26 32.0 0.8 1.03 7 0
BOB 603 18 10 31.51 0.97 1.06 5 1
BOB 214 39 32 111.44 0.92 1.1 4 0
BOB 735 18 3 172.97 1.08 1.14 3 0
BOB 379 43 48 39.64 1.04 1.07 4 1
BOB 705 2 28 79.46 1.08 1.13 5 0
BOB 486 9 32 49.1 1.0 0.97 4 0
BOB 571 34 4 37.68 1.05 1.04 2 0
BOB 519 13 34 43.63 1.1 1.09 5 2
BOB 804 20 31 137.5 0.98 0.86 6 1
BOB 727 13 11 31.18 1.31 1.03 4 0
BOB 267 47 18 148.97 1.17 1.02 5 2
BOB 723 35 33 84.57 0.97 1.01 4 1
BOB 517 24 43 65.46 0.88 1.02 5 1
BOB 56 36 20 87.1 0.99 1.02 5 0
BOB 372 15 28 34.08 0.93 1.03 8 0
BOB 587 19 19 71.0 1.27 0.95 5 1
BOB 863 27 48 47.87 0.92 1.11 5 0
BOB 630 8 2 170.76 1.09 1.06 4 2
BOB 440 49 46 75.28 0.93 1.08 4 1
BOB 704 29 38 77.56 1.04 0.81 7 1
BOB 796 16 21 36.96 0.91 0.87 6 0
BOB 197 9 19 73.26 1.18 0.93 6 0
BOB 800 44 20 32.2 1.0 1.03 9 1
BOB 337 24 29 57.86 0.97 1.02 2 2
BOB 860 24 43 45.24 0.96 1.11 6 0
BOB 418 11 33 91.25 0.93 1.01 3 0
BOB 850 8 33 43.82 0.96 1.05 5 0
BOB 861 10 2 145.96 1.09 1.06 3 1
BOB 606 14 38 126.96 0.95 0.93 6 1
BOB 809 43 39 38.84 1.02 1.02 4 0
BOB 410 1 44 101.48 1.04 1.03 4 0
BOB 258 43 38 143.93 1.08 0.86 5 0
BOB 537 5 49 125.91 1.1 0.95 6 0
BOB 481 48 38 137.95 0.97 0.99 5 2
BOB 506 38 39 44.36 0.91 1.07 4 0
BOB 419 49 33 95.3 1.01 1.09 4 2
BOB 644 22 33 79.5 0.89 0.89 7 1
BOB 297 16 25 45.2 0.98 1.01 2 1
BOB 260 30 41 151.76 1.03 1.09 2 0
BOB 769 16 28 130.4 0.98 1.01 8 1
BOB 831 22 16 42.65 0.88 1.04 4 1
BOB 812 7 32 187.06 0.91 1.0 2 0
BOB 740 14 22 33.26 1.04 1.01 4 0
BOB 737 30 19 30.14 1.03 1.02 5 1
BOB 452 28 21 51.43 0.95 1.0 5 0
BOB 325 29 8 35.4 1.18 1.01 3 1
BOB 787 8 35 44.33 1.05 1.02 4 0
BOB 65 5 18 79.58 0.95 1.06 4 0
BOB 534 36 47 34.9 1.06 0.81 4 1
BOB 300 39 45 0.96 1.02 0.89 3 0
BOB 107 16 20 75.45 1.01 1.0 4 1
BOB 505 4 13 30.0 1.0 1.0 4 1
BOB 289 29 25 29.92 0.89 1.01 8 0
BOB 859 6 20 45.62 0.93 1.03 5 1
BOB 736 29 8 43.32 0.87 0.88 5 0
BOB 708 34 37 127.74 0.79 0.9 8 0
BOB 868 48 32 47.81 0.99 1.0 4 2
BOB 774 19 7 34.78 0.8 1.01 6 1
BOB 722 36 49 83.66 1.14 0.99 5 0
BOB 52 24 45 121.09 1.0 1.0 5 0
BOB 202 38 22 28.76 0.96 1 5.5 0.5
BOB 441 13 18 64.92 0.96 1 6.5 0.5
BOB 665 35 23 135.6 1.02 1 5.5 0.5
BOB 691 5 20 58.83 1.01 1 4.5 0.0
BOB 692 47 28 34.67 0.99 1 5.5 0.5
BOB 693 42 4 71.81 0.97 1 4.5 1.0
BOB 808 39 44 88.54 1.01 1 4.0 0.5
BOB 245 34 35 98.5 0.92 0.94 4 1
BOB 187 36 34 128.66 0.88 0.93 7 0
BOB 555 20 35 113.02 1.1 0.84 4 0
BOB 213 43 46 44.36 0.93 0.91 5 1
BOB 593 34 7 125.91 0.93 0.91 4 1
BOB 492 43 45 46.55 1.05 0.95 5 0
BOB 864 24 46 47.7 1.16 0.87 6 3
BOB 865 12 1 48.3 0.93 0.89 5 1
BOB 867 10 26 48.7 1.11 0.96 4 0
BOB 726 30 44 35.96 1.02 0.76 4 1
BOB 828 27 38 37.08 1.08 0.77 8 2
BOB 790 6 22 36.0 0.95 0.82 6 1
BOB 866 17 33 48.1 1.15 0.77 7 0
NEW_BORN 869 41 12 50 0.95 1.13 4 2
NEW_BORN 870 2 5 50 0.97 1.01 4 0
NEW_BORN 871 49 46 50 0.77 1.17 5 3
NEW_BORN 872 40 11 50 0.92 1.02 4 1
NEW_BORN 873 34 35 100 0.97 1 4.5 0.5
NEW_BORN 874 23 7 50 1.09 1.03 2 1
NEW_BORN 875 46 4 50 0.83 1.17 4.5 2.0
NEW_BORN 876 34 34 50 1.14 1.18 2 0
NEW_BORN 877 49 46 100 0.95 1 4.0 0.5
FOOD 0 1 100
FOOD 0 33 100
FOOD 0 38 100
FOOD 0 39 100
FOOD 1 1 100
FOOD 1 3 30.680000000000007
FOOD 1 34 100
FOOD 1 37 100
FOOD 1 39 47.139999999999986
FOOD 2 5 31.189999999999998
FOOD 2 38 100
FOOD 3 3 100
FOOD 6 0 100
FOOD 10 9 100
FOOD 11 11 100
FOOD 12 0 100
FOOD 25 36 36.80000000000001
FOOD 34 34 92.1
FOOD 46 4 37.03999999999999
FOOD 48 7 100
FOOD 48 10 100
FOOD 49 4 100
FOOD 49 7 100
FOOD 49 9 100
FOOD 49 10 100
