SETTING GRID_LENGTH 50
SETTING NB_SPAWN_FOOD 500
SETTING FOOD_ENERGY 100
SETTING BOB_SPAWN_ENERGY 100
SETTING BOB_MAX_ENERGY 200
SETTING BOB_NEWBORN_ENERGY 50
SETTING SEXUAL_BORN_ENERGY 100
SETTING BOB_STATIONARY_ENERGY_LOSS 0.5
SETTING BOB_SELF_REPRODUCTION_ENERGY_LOSS 150
SETTING BOB_SEXUAL_REPRODUCTION_LOSS 100
SETTING BOB_SEXUAL_REPRODUCTION_LEVEL 150
SETTING PERCEPTION_FLAT_PENALTY 0.2
SETTING MEMORY_FLAT_PENALTY 0.2
SETTING DEFAULT_VELOCITY 1.0
SETTING DEFAULT_MASS 1.0
SETTING DEFAULT_VISION 5
SETTING DEFAULT_MEMORY_POINT 0
SETTING MASS_VARIATION 0.1
SETTING VELOCITY_VARIATION 0.1
SETTING VISION_VARIATION 1
SETTING MEMORY_POINT_VARIATION 1
SETTING SELF_REPRODUCTION True
SETTING SEXUAL_REPRODUCTION True
SETTING TICK_PER_DAY 50
GAME NB_BOB 349
GAME NB_BOB_SPAWNED 832
GAME CURRENT_TICK 14
GAME CURRENT_DAY 3
BOB 576 17 48 68.18 0.9 1.38 3 1
BOB 830 47 49 137.85 0.68 1.23 4 3
BOB 209 33 25 165.68 0.99 1.14 5 0
BOB 746 1 39 50 1.03 1.24 3 1
BOB 805 30 46 37.75 1.13 1.17 1 0
BOB 807 4 27 31.03 1.12 1.16 6 0
BOB 788 16 0 37.96 1.17 1.31 5 0
BOB 108 34 8 185.69 1.15 1.19 5 1
BOB 554 21 5 36.85 1.02 1.09 4 0
BOB 585 41 12 47.78 1.03 1.09 4 1
BOB 446 45 27 34.25 0.97 1.08 4 3
BOB 256 18 7 49.69 0.85 1.07 6 0
BOB 749 38 37 131.64 0.83 1.12 5 0
BOB 732 32 9 35.15 1.17 1.23 6 0
BOB 829 34 6 34.3 1.21 1.2 7 0
BOB 253 32 2 66.56 1.06 1.06 4 0
BOB 700 36 41 129.96 0.9 1.09 3 0
BOB 713 15 26 34.6 0.99 1.1 1 0
BOB 862 44 47 42.92 1.12 1.03 6 1
BOB 717 25 32 133.9 0.7 1.2 2 1
BOB 155 40 12 196.13 0.88 1.06 3 1
BOB 729 28 1 129.6 1.12 0.99 5 0
BOB 772 0 45 137.98 0.98 0.99 3 0
BOB 491 41 0 87.07 1.07 1.0 3 1
BOB 488 2 5 79.69 0.99 1.05 5 0
BOB 74 43 11 136.74 0.97 1.02 6 0
BOB 636 25 25 119.21 0.85 1.11 3 0
BOB 849 18 24 44.43 0.93 0.98 1 2
BOB 854 13 3 44.18 1.18 0.99 5 0
BOB 88 27 49 85.86 0.99 1.16 6 0
BOB 802 23 8 131.04 1.21 1.0 8 0
BOB 825 17 26 37.15 1.03 1.0 6 0
BOB 724 45 24 134.1 0.83 1.09 3 0
BOB 731 49 44 132.05 1.05 1.0 3 1
BOB 842 34 23 38.16 1.05 1.22 5 2
BOB 245 34 35 96.69 0.92 0.94 4 1
BOB 383 0 31 64.55 0.9 0.98 7 1
BOB 789 48 36 131.65 0.97 0.99 6 1
BOB 67 6 41 101.53 0.92 1.1 4 0
BOB 182 39 46 162.06 0.78 1.14 3 0
BOB 305 44 25 116.2 1.08 0.99 8 2
BOB 278 44 30 179.4 0.86 1.18 4 0
BOB 492 43 46 44.6 1.05 0.95 5 0
BOB 843 2 30 43.39 1.05 0.96 4 0
BOB 500 49 46 47.43 0.85 1.27 4 2
BOB 187 37 34 126.5 0.88 0.93 7 0
BOB 826 38 49 38.05 1.14 0.98 5 0
BOB 810 40 11 47.92 0.93 0.97 4 2
BOB 139 14 3 151.63 1.2 1.22 4 0
BOB 556 4 23 69.11 1.01 1.12 5 0
BOB 614 13 11 131.11 0.93 0.98 5.5 1.5
BOB 334 16 5 99.35 0.97 0.98 7 1
BOB 259 42 24 147.22 1.0 0.99 3 1
BOB 743 46 48 80.25 0.76 1.23 5 2
BOB 213 43 47 42.39 0.93 0.91 5 1
BOB 263 45 25 135.46 0.9 0.99 4 0
BOB 728 31 29 122.7 0.97 1.08 6 2
BOB 593 34 8 124.14 0.93 0.91 4 1
BOB 867 10 25 46.88 1.11 0.96 4 0
BOB 820 17 7 36.26 0.81 1.16 6 0
BOB 346 25 8 137.1 0.94 0.98 5 0
BOB 815 26 8 133.94 1.0 0.98 6 1
BOB 855 9 35 46.2 1.19 0.94 2 0
BOB 734 15 23 131.78 1.12 0.98 2 2
BOB 559 43 12 105.35 0.89 0.98 4 0
BOB 785 25 36 50 0.99 0.98 5 0
BOB 697 5 49 74.69 1.01 0.99 7 0
BOB 532 23 9 98.58 0.95 0.93 6.5 0
BOB 463 17 47 175.29 0.85 1.36 3 0
BOB 801 24 45 132.57 1.01 1.13 4 2
BOB 510 31 28 154.46 0.97 1.15 5 1
BOB 821 45 0 137.95 0.92 0.97 4 2
BOB 501 3 15 12.34 0.92 0.98 3 0
BOB 550 44 15 156.56 0.82 1.15 3 2
BOB 504 34 19 132.9 0.96 1.27 6 1
BOB 864 25 46 45.02 1.16 0.87 6 3
BOB 865 12 0 146.36 0.93 0.89 5 1
BOB 134 16 25 69.83 1.1 0.94 7 0
BOB 817 42 11 39.1 0.95 0.96 5 0
BOB 845 17 7 39.96 0.83 0.97 8 1
BOB 832 34 35 121.84 1.01 0.98 4 2
BOB 716 28 13 77.82 1.12 1.1 4 2
BOB 250 33 46 36.49 0.92 1.11 4 0
BOB 392 37 28 184.58 0.97 1.12 4 0
BOB 555 20 34 111.44 1.1 0.84 4 0
BOB 120 3 33 43.44 1.0 1.02 3 0
BOB 117 21 21 81.99 1.04 1.02 4 0
BOB 610 34 36 84.4 0.98 0.96 6 0
BOB 185 45 26 51.24 0.9 1.13 3 1
BOB 188 23 15 61.61 1.07 0.96 5 0
BOB 710 34 44 64.16 0.95 1.08 5 1
BOB 794 23 43 129.6 0.93 1.11 5 2
BOB 483 49 46 86.71 0.96 0.93 4 0
BOB 781 0 39 136.1 1.06 0.97 3 1
BOB 718 15 10 128.2 1.01 1.08 4 1
BOB 535 26 26 99.72 0.77 1.2 3 0
BOB 853 5 48 43.58 1.08 0.89 7 0
BOB 775 12 5 85.05 1.18 0.97 6 0
BOB 613 11 48 106.58 1.02 0.96 4 0
BOB 345 1 31 89.9 1.05 0.97 5 0
BOB 765 12 20 27.58 1.0 0.97 7.5 0.5
BOB 839 44 47 101.49 1.14 0.95 6 0
BOB 711 1 3 50 1.04 0.97 4 1
BOB 709 19 20 83.88 0.95 0.97 3 1
BOB 712 34 24 132.84 0.84 1.07 1 2
BOB 823 34 24 139.7 0.86 0.94 3 2
BOB 128 23 13 36.04 0.98 0.89 5 0
BOB 837 33 30 140.06 0.99 0.93 4 2
BOB 701 46 24 121.2 0.91 1.15 3 3
BOB 813 48 16 132.48 1.08 0.95 5 3
BOB 539 14 17 33.78 0.91 0.96 5 0
BOB 757 33 26 32.45 0.94 1.2 3 0
BOB 856 45 11 45.66 0.91 0.89 3 1
BOB 719 10 36 44.9 1.17 0.97 3 0
BOB 847 10 4 40.64 1.07 1.2 4 0
BOB 848 44 47 42.36 0.9 0.93 6 0
BOB 307 41 11 138.21 0.95 0.97 4 1
BOB 834 27 11 38.55 1.13 1.15 3 1
BOB 741 20 45 134.25 0.81 1.29 2 0
BOB 752 33 35 32.88 1.05 0.85 6 0
BOB 353 41 3 91.45 1.05 0.95 4 1
BOB 274 9 25 118.91 0.98 0.96 4 1
BOB 100 18 16 127.55 1.01 0.97 6 0
BOB 608 39 42 49.36 0.92 1.03 2 1
BOB 822 30 40 39.68 1.03 1.13 2 0
BOB 322 23 46 45.22 1.07 0.96 5 2
BOB 857 49 4 145.24 0.85 0.86 4 1
BOB 703 41 19 125.16 1.04 1.06 4.5 0
BOB 824 10 8 78.97 1.16 1.11 3 0
BOB 828 26 38 34.44 1.08 0.77 8 2
BOB 631 35 45 120.93 0.8 1.14 4 1
BOB 841 24 47 39.8 1.0 1.16 6 0
BOB 790 6 21 33.96 0.95 0.82 6 1
BOB 726 29 44 34.37 1.02 0.76 4 1
BOB 586 3 12 118.38 1.16 0.89 4 3
BOB 414 34 35 66.1 1.02 0.89 5 0
BOB 754 39 26 31.94 0.92 1.08 4 1
BOB 470 44 26 65.32 0.99 1.09 3 3
BOB 179 48 20 45.13 0.95 1.02 4 0
BOB 706 45 36 127.89 0.76 1.15 4 1
BOB 707 11 28 130.75 1.02 1.06 3 0
BOB 776 13 36 130.72 1.06 1.07 5 1
BOB 851 41 8 44.21 1.03 1.22 2 0
BOB 819 6 27 34.64 0.98 1.09 6 1
BOB 866 18 33 46.02 1.15 0.77 7 0
BOB 835 32 10 42.22 0.95 0.93 4 0
BOB 784 45 24 35.83 0.92 0.94 5 0
BOB 773 12 1 86.1 1.02 0.94 4 2
BOB 590 23 7 47.9 1.08 1.01 3 2
BOB 721 26 47 77.1 1.04 1.18 6 0
BOB 465 48 44 71.06 0.98 0.83 5 1
BOB 533 15 24 29.9 1.17 0.96 4 0
BOB 530 29 1 71.68 1.09 1.13 4 0
BOB 758 46 35 132.6 1.13 0.84 6 0
BOB 764 28 9 143.48 0.93 0.95 4 1
BOB 507 45 23 162.04 1.1 1.01 4 2
BOB 759 9 34 87.49 0.88 1.08 2 1
BOB 858 21 7 44.52 0.98 0.84 5 1
BOB 138 11 3 134.18 1.02 0.96 4 2
BOB 714 16 19 126.9 1.23 1.06 3 1
BOB 669 10 5 41.52 1.07 1.11 4 0
BOB 404 13 36 107.01 1.04 1.13 5 0
BOB 694 28 49 126.36 0.76 1.13 5 0
BOB 68 14 24 170.4 1.02 1.03 3 1
BOB 780 12 43 29.55 1.07 1.08 5 2
BOB 725 45 41 127.04 1.02 0.96 6 1
BOB 840 15 1 135.12 1.27 1.41 6 0
BOB 816 4 15 35.76 1.01 0.94 3 3
BOB 226 47 4 88.78 1.0 0.98 5 1
BOB 798 46 4 85.44 0.89 1.09 3.5 2.0
BOB 755 42 14 135.96 0.85 1.06 3 0
BOB 715 8 38 126.4 0.86 1.16 5 1
BOB 844 0 39 40.12 1.03 1.11 5 1
BOB 733 41 9 116.76 1.02 1.18 3 1
BOB 612 11 45 189.66 0.96 0.92 3 0
BOB 373 5 25 43.41 0.97 0.92 5 0
BOB 747 35 0 31.37 1.13 1.06 3 1
BOB 777 34 32 133.92 0.9 1.06 5 0
BOB 485 32 21 166.02 0.86 1.19 4 1
BOB 770 38 0 132.83 1.17 0.93 4 2
BOB 567 28 15 59.56 1.06 0.99 5 2
BOB 495 6 28 85.54 1.02 1.16 6 1
BOB 748 48 4 88.22 0.83 0.94 4 0
BOB 742 35 25 124.98 1.01 1.17 6 1
BOB 763 45 10 87.92 0.9 0.93 4 0
BOB 183 32 21 108.73 1.0 0.92 5 0
BOB 62 25 34 57.84 0.94 0.99 5 0
BOB 771 40 41 38.56 0.75 1.05 2 1
BOB 797 49 24 31.52 0.97 1.07 5.5 0.5
BOB 315 23 8 41.02 1.12 0.94 7 0
BOB 766 36 22 131.01 1.08 1.06 4.5 0
BOB 730 26 1 126.2 1.04 1.15 5 0
BOB 648 13 46 69.32 1.06 0.99 6 1
BOB 753 21 10 34.48 0.97 1.06 3.5 0
BOB 744 25 31 37.62 0.94 0.93 2 1
BOB 786 15 36 128.8 0.95 1.05 7 1
BOB 558 16 19 32.7 0.94 0.92 7 0
BOB 838 5 9 36.95 1.0 1.1 4 3
BOB 739 37 49 130.59 1.1 0.95 5 0
BOB 272 30 42 64.15 0.97 1.04 1 0
BOB 852 9 35 40.25 0.96 1.14 7 3
BOB 331 39 28 127.8 0.77 1.15 3 2
BOB 303 17 33 140.25 1.06 0.84 6 0
BOB 814 0 32 133.74 0.92 0.91 6 2
BOB 192 26 21 88.84 1.02 0.98 4 1
BOB 594 15 13 32.36 0.88 0.99 4.5 1.0
BOB 584 38 25 56.53 0.91 0.99 4 0
BOB 574 2 42 98.95 1.01 0.99 4 0
BOB 502 34 23 60.59 0.86 1.04 2 1
BOB 760 11 11 200 0.94 1.06 5 0
BOB 778 34 16 33.6 1.06 0.92 4 2
BOB 378 34 34 141.0 1.06 1.1 3 0
BOB 570 30 44 145.46 0.88 0.99 6 1
BOB 803 13 48 34.18 1.09 0.92 4 3
BOB 279 41 11 108.4 0.9 1.04 5 1
BOB 793 28 18 132.16 0.92 1.06 5 1
BOB 751 38 42 33.71 0.75 1.16 4 0
BOB 261 40 29 58.76 0.9 1.12 3 0
BOB 827 8 22 37.88 0.96 1.08 4.5 0
BOB 795 34 9 135.56 1.03 0.79 4 2
BOB 163 15 9 138.23 0.88 0.95 6 0
BOB 509 8 10 176.98 0.95 0.99 5.5 0.5
BOB 566 25 38 186.6 1.0 0.99 5 0
BOB 683 41 45 83.4 1.09 0.83 3 0
BOB 165 42 41 131.22 1.0 1.01 3 0
BOB 792 24 46 28.64 1.15 1.05 5 2
BOB 696 42 27 35.58 0.99 1.13 2 2
BOB 782 45 20 34.02 1.02 0.91 3 3
BOB 588 35 45 110.26 0.84 1.13 5 0
BOB 806 43 25 38.94 0.91 1.04 1 2
BOB 702 22 46 73.16 1.07 1.04 4 3
BOB 761 18 4 39.92 0.87 0.91 7 2
BOB 411 8 22 156.8 0.96 1.07 5 1
BOB 799 28 24 33.2 0.85 1.19 5 1
BOB 735 18 2 170.97 1.08 1.14 3 0
BOB 779 25 33 133.32 0.85 1.05 6 0
BOB 565 0 40 140.48 0.96 1.2 4 1
BOB 762 10 26 39.75 1.03 0.91 5 1
BOB 783 25 11 134.09 0.98 0.92 5 1
BOB 768 1 24 35.6 0.94 1.03 4 0
BOB 705 1 28 77.08 1.08 1.13 5 0
BOB 811 31 43 34.95 0.94 1.2 4 0
BOB 137 28 37 159.96 1.03 0.85 6 1
BOB 655 10 9 161.96 1.15 0.95 5 0
BOB 214 39 31 109.53 0.92 1.1 4 0
BOB 791 33 36 86.7 0.98 0.89 5 1
BOB 545 2 12 37.28 1.07 0.9 3 2
BOB 756 49 32 46.0 0.94 1.03 3 2
BOB 369 8 10 129.65 0.97 1.05 3 2
BOB 699 26 22 75.8 0.87 1.21 5 0
BOB 251 23 24 143.16 0.96 0.91 6 1
BOB 406 24 43 79.55 1.02 1.06 4 1
BOB 750 11 35 74.95 1.06 1.17 6 3
BOB 767 23 6 130.26 0.97 0.8 7 1
BOB 603 18 11 29.22 0.97 1.06 5 1
BOB 519 13 35 40.92 1.1 1.09 5 2
BOB 833 11 26 128.82 1.02 0.84 4 2
BOB 142 7 36 170.88 1.13 0.95 4 1
BOB 379 42 48 37.45 1.04 1.07 4 1
BOB 863 27 49 45.74 0.92 1.11 5 0
BOB 871 48 46 47.35 0.77 1.17 5 3
BOB 698 6 19 78.0 1.01 1.02 5 0
BOB 745 25 26 29.75 0.8 1.03 7 0
BOB 860 24 44 42.86 0.96 1.11 6 0
BOB 818 27 20 38.55 0.83 0.87 4.5 2
BOB 571 33 4 36.14 1.05 1.04 2 0
BOB 440 49 46 73.2 0.93 1.08 4 1
BOB 164 10 27 46.06 1.17 0.91 5 0
BOB 727 14 11 28.99 1.31 1.03 4 0
BOB 658 31 22 37.82 0.92 0.89 5.5 1
BOB 720 12 20 28.95 1.12 0.92 5 1
BOB 630 8 1 168.34 1.09 1.06 4 2
BOB 267 47 19 146.35 1.17 1.02 5 2
BOB 578 11 29 132.5 0.93 1.11 8 1
BOB 419 49 32 92.9 1.01 1.09 4 2
BOB 517 24 42 63.34 0.88 1.02 5 1
BOB 372 15 29 31.49 0.93 1.03 8 0
BOB 522 30 49 78.79 1.12 0.9 5 1
BOB 695 47 1 180.98 0.92 0.92 5 0
BOB 861 10 2 143.94 1.09 1.06 3 1
BOB 260 30 40 150.14 1.03 1.09 2 0
BOB 205 46 35 25.69 0.79 1.13 4 2
BOB 723 35 32 82.58 0.97 1.01 4 1
BOB 56 36 19 85.07 0.99 1.02 5 0
BOB 506 38 38 42.52 0.91 1.07 4 0
BOB 486 9 31 47.36 1.0 0.97 4 0
BOB 800 44 19 29.14 1.0 1.03 9 1
BOB 850 7 33 41.76 0.96 1.05 5 0
BOB 252 34 25 132.03 0.91 1.14 6 2
BOB 487 37 8 111.44 1.09 0.87 5 1
BOB 218 28 9 117.31 0.82 0.88 4 0
BOB 520 14 46 83.06 1.01 0.9 4 2
BOB 313 11 14 119.13 1.08 0.91 4 3
BOB 738 23 7 27.76 1.04 0.91 6 1
BOB 337 24 28 56.05 0.97 1.02 2 2
BOB 410 2 44 99.58 1.04 1.03 4 0
BOB 809 42 39 36.98 1.02 1.02 4 0
BOB 831 22 17 40.7 0.88 1.04 4 1
BOB 516 23 6 115.4 0.89 0.88 6 1
BOB 418 10 33 89.7 0.93 1.01 3 0
BOB 65 5 19 77.71 0.95 1.06 4 0
BOB 297 16 26 43.6 0.98 1.01 2 1
BOB 836 48 44 140.62 1.07 0.82 4 2
BOB 587 19 20 68.65 1.27 0.95 5 1
BOB 549 18 38 157.64 1.06 1.07 5 1
BOB 481 48 37 135.6 0.97 0.99 5 2
BOB 769 15 28 127.6 0.98 1.01 8 1
BOB 737 29 19 27.87 1.03 1.02 5 1
BOB 876 35 34 48.01 1.14 1.18 2 0
BOB 846 20 32 45.39 1.01 0.75 3 0
BOB 740 14 23 31.4 1.04 1.01 4 0
BOB 787 9 35 42.44 1.05 1.02 4 0
BOB 869 41 11 47.59 0.95 1.13 4 2
BOB 875 46 5 47.56 0.83 1.17 4.5 2.0
BOB 812 7 31 185.75 0.91 1.0 2 0
BOB 325 29 7 33.4 1.18 1.01 3 1
BOB 859 5 20 43.43 0.93 1.03 5 1
BOB 197 10 19 71.04 1.18 0.93 6 0
BOB 452 28 22 49.48 0.95 1.0 5 0
BOB 537 6 49 123.72 1.1 0.95 6 0
BOB 107 16 19 73.44 1.01 1.0 4 1
BOB 289 28 25 27.41 0.89 1.01 8 0
BOB 804 19 31 135.38 0.98 0.86 6 1
BOB 505 4 12 28.0 1.0 1.0 4 1
BOB 870 2 4 48.21 0.97 1.01 4 0
BOB 606 15 38 124.74 0.95 0.93 6 1
BOB 868 47 32 45.62 0.99 1.0 4 2
BOB 774 19 6 32.56 0.8 1.01 6 1
BOB 796 16 22 35.07 0.91 0.87 6 0
BOB 874 22 7 48.24 1.09 1.03 2 1
BOB 52 23 45 119.09 1.0 1.0 5 0
BOB 202 37 22 26.6 0.96 1 5.5 0.5
BOB 441 14 18 62.56 0.96 1 6.5 0.5
BOB 665 34 23 133.38 1.02 1 5.5 0.5
BOB 691 5 19 56.92 1.01 1 4.5 0.0
BOB 692 47 29 32.48 0.99 1 5.5 0.5
BOB 693 41 4 69.74 0.97 1 4.5 1.0
BOB 808 38 44 86.63 1.01 1 4.0 0.5
BOB 873 35 35 98.03 0.97 1 4.5 0.5
BOB 877 49 47 98.15 0.95 1 4.0 0.5
BOB 644 22 33 77.4 0.89 0.89 7 1
BOB 722 36 49 82.16 1.14 0.99 5 0
BOB 258 43 38 142.43 1.08 0.86 5 0
BOB 872 40 11 48.5 0.92 1.02 4 1
BOB 704 29 38 75.46 1.04 0.81 7 1
BOB 300 39 45 0 1.02 0.89 3 0
BOB 708 34 37 125.64 0.79 0.9 8 0
BOB 736 29 8 41.82 0.87 0.88 5 0
BOB 534 36 47 33.4 1.06 0.81 4 1
NEW_BORN 878 1 39 50 1.01 1.27 3 2
NEW_BORN 879 25 36 50 1.06 0.97 4 0
NEW_BORN 880 1 3 50 0.96 0.93 3 0
FOOD 0 1 100
FOOD 0 33 100
FOOD 0 38 100
FOOD 1 1 100
FOOD 1 3 30.680000000000007
FOOD 1 34 100
FOOD 1 37 100
FOOD 1 39 47.139999999999986
FOOD 2 38 100
FOOD 3 3 100
FOOD 6 0 100
FOOD 11 11 32.02000000000001
FOOD 25 36 36.80000000000001
FOOD 48 7 100
FOOD 48 10 100
FOOD 49 7 100
FOOD 49 9 100
FOOD 49 10 100
