SETTING GRID_LENGTH 200
SETTING NB_SPAWN_FOOD 500
SETTING FOOD_ENERGY 100
SETTING BOB_SPAWN_ENERGY 100
SETTING BOB_MAX_ENERGY 200
SETTING BOB_NEWBORN_ENERGY 50
SETTING SEXUAL_BORN_ENERGY 100
SETTING BOB_STATIONARY_ENERGY_LOSS 0.5
SETTING BOB_SELF_REPRODUCTION_ENERGY_LOSS 150
SETTING BOB_SEXUAL_REPRODUCTION_LOSS 100
SETTING BOB_SEXUAL_REPRODUCTION_LEVEL 150
SETTING PERCEPTION_FLAT_PENALTY 0.2
SETTING MEMORY_FLAT_PENALTY 0.2
SETTING DEFAULT_VELOCITY 1
SETTING DEFAULT_MASS 1
SETTING DEFAULT_VISION 0
SETTING DEFAULT_MEMORY_POINT 0
SETTING MASS_VARIATION 0.1
SETTING VELOCITY_VARIATION 0.1
SETTING VISION_VARIATION 1
SETTING MEMORY_POINT_VARIATION 1
SETTING SELF_REPRODUCTION True
SETTING SEXUAL_REPRODUCTION True
SETTING TICK_PER_DAY 50
GAME NB_BOB 15
GAME NB_BOB_SPAWNED 250
GAME CURRENT_TICK 21
GAME CURRENT_DAY 8
BOB 233 29 183 39.34 0.91 0.93 0 0
BOB 219 104 22 123.54 1.04 0.97 0 0
BOB 242 26 95 55.02 0.91 1.07 1 0
BOB 238 145 165 46.59 1.03 0.93 0 0
BOB 249 99 44 35.36 0.98 1.02 0 1
BOB 207 73 105 14.98 1.0 0.96 0 0
BOB 245 114 34 136.9 1.08 0.91 1 0
BOB 33 86 182 130.5 1 1 0 0
BOB 40 188 154 179.0 1 1 0 0
BOB 72 145 172 79.5 1 1 0 0
BOB 153 18 52 30.5 1 1 0 0
BOB 182 116 140 30.5 1 1 0 0
BOB 185 101 46 82.5 1 1 0 0
BOB 196 163 132 30.5 1 1 0 0
BOB 234 107 17 51.32 0.94 1.0 0 1
FOOD 0 178 100
FOOD 1 168 100
FOOD 2 131 100
FOOD 2 169 100
FOOD 3 72 100
FOOD 3 124 100
FOOD 3 126 100
FOOD 3 188 100
FOOD 4 39 100
FOOD 4 80 100
FOOD 4 128 100
FOOD 5 127 100
FOOD 6 17 100
FOOD 6 181 100
FOOD 7 94 100
FOOD 7 133 100
FOOD 8 0 100
FOOD 8 3 100
FOOD 8 88 100
FOOD 8 111 100
FOOD 8 127 100
FOOD 8 140 100
FOOD 9 34 100
FOOD 9 44 100
FOOD 9 98 100
FOOD 9 117 100
FOOD 9 127 100
FOOD 9 131 100
FOOD 9 146 100
FOOD 10 145 100
FOOD 11 139 100
FOOD 11 184 100
FOOD 12 142 100
FOOD 13 53 100
FOOD 14 9 100
FOOD 14 28 100
FOOD 15 33 100
FOOD 15 63 100
FOOD 15 127 100
FOOD 15 185 100
FOOD 17 3 100
FOOD 17 38 100
FOOD 17 46 100
FOOD 17 199 100
FOOD 18 20 100
FOOD 18 44 100
FOOD 18 131 100
FOOD 18 133 100
FOOD 18 189 100
FOOD 19 23 100
FOOD 19 44 100
FOOD 19 114 100
FOOD 19 142 100
FOOD 19 160 100
FOOD 19 185 100
FOOD 20 118 100
FOOD 20 147 100
FOOD 21 42 100
FOOD 21 178 100
FOOD 22 14 100
FOOD 22 69 100
FOOD 22 100 100
FOOD 22 110 100
FOOD 22 133 100
FOOD 23 112 100
FOOD 23 192 100
FOOD 24 40 100
FOOD 24 96 100
FOOD 25 65 100
FOOD 26 38 100
FOOD 26 76 100
FOOD 26 103 100
FOOD 26 181 100
FOOD 26 193 100
FOOD 27 33 100
FOOD 27 37 100
FOOD 27 42 100
FOOD 27 128 100
FOOD 27 129 200
FOOD 27 131 100
FOOD 28 88 100
FOOD 29 49 100
FOOD 29 79 100
FOOD 29 106 100
FOOD 30 21 100
FOOD 30 134 100
FOOD 30 199 100
FOOD 31 158 100
FOOD 31 159 100
FOOD 32 128 100
FOOD 34 28 100
FOOD 34 66 100
FOOD 34 95 100
FOOD 35 75 100
FOOD 35 164 100
FOOD 36 10 100
FOOD 36 26 100
FOOD 36 103 100
FOOD 36 107 100
FOOD 36 142 100
FOOD 37 26 100
FOOD 37 28 100
FOOD 37 42 100
FOOD 37 93 100
FOOD 38 0 100
FOOD 38 132 100
FOOD 38 148 100
FOOD 39 10 100
FOOD 39 121 100
FOOD 40 59 100
FOOD 40 95 100
FOOD 40 132 100
FOOD 41 23 100
FOOD 41 179 100
FOOD 41 190 100
FOOD 42 74 100
FOOD 44 137 100
FOOD 45 2 100
FOOD 45 121 100
FOOD 45 135 100
FOOD 46 60 100
FOOD 46 114 100
FOOD 47 90 100
FOOD 47 121 100
FOOD 47 132 100
FOOD 47 136 100
FOOD 48 103 100
FOOD 49 158 100
FOOD 50 140 100
FOOD 50 173 100
FOOD 50 180 100
FOOD 51 61 100
FOOD 51 72 100
FOOD 51 76 100
FOOD 51 135 100
FOOD 52 138 100
FOOD 52 153 100
FOOD 53 42 100
FOOD 53 96 100
FOOD 55 32 100
FOOD 55 46 100
FOOD 55 65 200
FOOD 55 135 100
FOOD 56 105 100
FOOD 56 123 100
FOOD 57 18 100
FOOD 58 7 100
FOOD 58 30 100
FOOD 58 158 100
FOOD 58 174 100
FOOD 59 8 100
FOOD 59 64 100
FOOD 59 74 100
FOOD 59 124 100
FOOD 60 152 100
FOOD 60 160 100
FOOD 62 122 100
FOOD 62 130 100
FOOD 62 178 100
FOOD 62 184 100
FOOD 63 27 100
FOOD 63 187 100
FOOD 64 77 100
FOOD 64 94 100
FOOD 64 98 100
FOOD 65 22 100
FOOD 65 109 100
FOOD 66 50 100
FOOD 66 76 100
FOOD 67 7 100
FOOD 67 15 100
FOOD 67 119 100
FOOD 67 146 100
FOOD 67 171 100
FOOD 67 190 100
FOOD 68 63 100
FOOD 68 144 100
FOOD 69 71 100
FOOD 69 126 100
FOOD 70 147 100
FOOD 70 172 100
FOOD 71 82 100
FOOD 72 69 100
FOOD 72 89 100
FOOD 72 92 100
FOOD 72 117 100
FOOD 73 23 100
FOOD 73 27 100
FOOD 74 96 100
FOOD 74 134 100
FOOD 74 184 100
FOOD 75 30 100
FOOD 75 147 100
FOOD 76 31 100
FOOD 76 52 100
FOOD 76 77 100
FOOD 76 184 100
FOOD 76 185 100
FOOD 77 3 100
FOOD 77 127 100
FOOD 77 165 100
FOOD 77 181 100
FOOD 78 7 100
FOOD 78 31 100
FOOD 78 123 100
FOOD 79 149 100
FOOD 80 54 100
FOOD 80 96 100
FOOD 81 96 100
FOOD 82 164 100
FOOD 84 89 100
FOOD 85 53 100
FOOD 85 106 100
FOOD 85 127 100
FOOD 86 186 100
FOOD 87 178 100
FOOD 87 183 100
FOOD 88 92 100
FOOD 88 108 100
FOOD 88 140 100
FOOD 88 142 100
FOOD 90 26 100
FOOD 90 116 100
FOOD 90 162 100
FOOD 91 85 100
FOOD 91 111 100
FOOD 91 139 100
FOOD 92 0 100
FOOD 92 35 100
FOOD 92 66 100
FOOD 92 71 100
FOOD 93 25 100
FOOD 93 33 100
FOOD 93 141 100
FOOD 93 169 100
FOOD 94 76 100
FOOD 94 121 100
FOOD 96 49 100
FOOD 96 88 100
FOOD 96 124 100
FOOD 96 126 100
FOOD 96 169 100
FOOD 96 193 100
FOOD 97 99 100
FOOD 97 143 100
FOOD 98 124 100
FOOD 99 7 100
FOOD 99 15 100
FOOD 99 188 100
FOOD 100 140 100
FOOD 100 196 100
FOOD 101 37 100
FOOD 101 49 100
FOOD 102 197 100
FOOD 103 133 100
FOOD 103 173 100
FOOD 104 8 100
FOOD 104 49 100
FOOD 104 81 100
FOOD 104 178 100
FOOD 105 99 100
FOOD 105 112 100
FOOD 105 122 100
FOOD 105 144 100
FOOD 106 51 100
FOOD 106 110 100
FOOD 106 129 100
FOOD 107 0 100
FOOD 107 30 100
FOOD 107 39 100
FOOD 107 193 100
FOOD 109 69 100
FOOD 109 90 100
FOOD 109 160 100
FOOD 110 47 100
FOOD 111 61 100
FOOD 111 70 100
FOOD 111 147 100
FOOD 112 192 100
FOOD 113 50 100
FOOD 113 53 100
FOOD 113 160 100
FOOD 114 127 100
FOOD 115 12 100
FOOD 115 16 100
FOOD 115 26 100
FOOD 115 43 100
FOOD 115 105 100
FOOD 115 111 100
FOOD 115 120 100
FOOD 115 187 100
FOOD 116 19 100
FOOD 116 37 100
FOOD 116 109 100
FOOD 116 112 100
FOOD 116 123 100
FOOD 117 123 100
FOOD 117 160 100
FOOD 117 174 100
FOOD 117 180 100
FOOD 118 186 100
FOOD 119 8 100
FOOD 119 32 100
FOOD 119 74 100
FOOD 119 104 100
FOOD 119 109 100
FOOD 119 139 100
FOOD 120 146 100
FOOD 120 166 100
FOOD 121 24 100
FOOD 121 153 100
FOOD 121 182 100
FOOD 122 16 100
FOOD 122 61 100
FOOD 122 124 100
FOOD 124 7 100
FOOD 124 42 100
FOOD 124 64 100
FOOD 124 191 100
FOOD 125 65 100
FOOD 126 119 100
FOOD 126 178 100
FOOD 127 22 100
FOOD 127 23 100
FOOD 127 123 100
FOOD 127 134 100
FOOD 128 11 100
FOOD 128 196 100
FOOD 129 80 100
FOOD 129 159 100
FOOD 130 7 100
FOOD 130 77 100
FOOD 131 99 100
FOOD 131 167 100
FOOD 132 1 100
FOOD 132 23 100
FOOD 132 101 100
FOOD 132 129 100
FOOD 133 16 100
FOOD 134 172 100
FOOD 138 25 100
FOOD 138 77 100
FOOD 138 79 100
FOOD 139 164 100
FOOD 139 184 100
FOOD 141 53 100
FOOD 141 132 100
FOOD 141 168 100
FOOD 141 175 100
FOOD 142 152 100
FOOD 143 55 100
FOOD 143 122 100
FOOD 144 102 100
FOOD 144 158 100
FOOD 144 192 100
FOOD 145 10 100
FOOD 145 71 100
FOOD 145 109 100
FOOD 146 50 100
FOOD 146 81 100
FOOD 146 87 100
FOOD 146 181 100
FOOD 147 40 100
FOOD 147 110 100
FOOD 148 73 100
FOOD 148 142 100
FOOD 148 165 100
FOOD 149 13 100
FOOD 149 34 100
FOOD 149 188 100
FOOD 149 198 100
FOOD 150 28 100
FOOD 150 69 100
FOOD 150 150 100
FOOD 150 173 100
FOOD 150 197 100
FOOD 152 0 100
FOOD 152 110 100
FOOD 153 4 100
FOOD 153 44 100
FOOD 153 47 100
FOOD 153 100 100
FOOD 154 122 100
FOOD 154 130 100
FOOD 154 198 100
FOOD 155 3 100
FOOD 155 171 100
FOOD 156 66 100
FOOD 157 37 100
FOOD 158 3 100
FOOD 158 16 100
FOOD 158 46 100
FOOD 160 98 100
FOOD 160 163 100
FOOD 160 164 100
FOOD 161 73 100
FOOD 161 81 100
FOOD 161 154 100
FOOD 162 192 200
FOOD 163 45 100
FOOD 163 87 100
FOOD 164 85 100
FOOD 164 146 100
FOOD 165 131 100
FOOD 165 177 100
FOOD 166 63 100
FOOD 166 90 100
FOOD 166 108 100
FOOD 166 130 100
FOOD 166 138 100
FOOD 167 118 100
FOOD 167 165 100
FOOD 168 160 100
FOOD 169 28 100
FOOD 169 92 100
FOOD 169 146 100
FOOD 169 173 100
FOOD 169 182 100
FOOD 170 32 100
FOOD 170 33 100
FOOD 170 90 100
FOOD 170 149 100
FOOD 171 142 100
FOOD 172 26 100
FOOD 172 90 100
FOOD 174 122 100
FOOD 175 144 100
FOOD 175 177 100
FOOD 175 178 100
FOOD 176 9 100
FOOD 176 99 100
FOOD 176 111 100
FOOD 176 145 100
FOOD 176 193 100
FOOD 177 2 100
FOOD 177 8 100
FOOD 177 115 100
FOOD 177 154 100
FOOD 178 111 100
FOOD 178 119 100
FOOD 178 159 100
FOOD 180 40 100
FOOD 180 50 100
FOOD 181 9 100
FOOD 181 60 100
FOOD 182 153 100
FOOD 183 35 100
FOOD 183 39 100
FOOD 183 68 100
FOOD 184 17 100
FOOD 184 56 100
FOOD 184 146 100
FOOD 184 167 100
FOOD 185 69 100
FOOD 185 139 100
FOOD 186 168 100
FOOD 187 31 100
FOOD 187 33 100
FOOD 187 105 100
FOOD 187 177 100
FOOD 187 184 100
FOOD 188 123 100
FOOD 189 43 100
FOOD 189 127 100
FOOD 189 160 100
FOOD 191 130 100
FOOD 191 182 100
FOOD 192 10 100
FOOD 192 11 100
FOOD 192 158 100
FOOD 192 167 100
FOOD 193 72 100
FOOD 193 103 100
FOOD 195 21 100
FOOD 195 59 100
FOOD 195 74 100
FOOD 195 112 100
FOOD 195 183 100
FOOD 195 184 100
FOOD 196 19 100
FOOD 196 41 100
FOOD 196 134 100
FOOD 197 5 100
FOOD 197 13 100
FOOD 197 17 100
FOOD 197 32 100
FOOD 197 59 100
FOOD 197 63 100
FOOD 197 125 100
FOOD 197 193 100
FOOD 198 42 100
FOOD 198 83 100
FOOD 198 151 100
FOOD 198 172 100
FOOD 199 156 100
