0	0
0	1.0
1	1.0
1	1.0
2	1.0
2	1.0
3	1.0
3	1.0
4	1.0
4	1.0
5	1.0
5	1.0
6	1.0
6	1.0
7	1.0
7	1.0
8	1.0
8	1.0
9	1.0
9	1.0
10	1.0
10	1.0
11	1.0
11	1.0
12	1.0
12	1.0
13	1.0
13	1.0
14	1.0
14	1.0
15	1.0
15	1.0
16	1.0
16	1.0
17	1.0
17	1.0
18	1.0
18	1.0
19	1.0
19	1.0
20	1.0
20	1.0
21	1.0
21	1.0
22	1.0
22	1.0
23	1.0
23	1.0
24	1.0
24	1.0
25	1.0
25	1.0
26	1.0
26	1.0
27	1.0
27	1.0
28	1.0
28	1.0
29	1.0
29	1.0
30	1.0
30	1.0
31	1.0
31	1.0
32	1.0
32	1.0
33	1.0
33	1.0
34	1.0
34	1.0
35	1.0
35	1.0
36	1.0
36	1.0
37	1.0
37	1.0
38	1.0
38	1.0
39	1.0
39	1.0
40	1.0
40	1.0
41	1.0
41	1.0
42	1.0
42	1.0
43	1.0
43	1.0
44	1.0
44	1.0
45	1.0
45	1.0
46	1.0
46	1.0
47	1.0
47	1.0
48	1.0
48	1.0
49	1.0
49	1.0
50	1.0
50	1.0
51	1.0
51	1.0
52	1.0
52	1.0
53	1.0
53	1.008181818181818
54	1.008181818181818
54	1.008181818181818
55	1.008181818181818
55	1.008181818181818
56	1.008181818181818
56	1.008181818181818
57	1.008181818181818
57	1.008181818181818
58	1.008181818181818
58	1.008181818181818
59	1.008181818181818
59	1.008181818181818
60	1.008181818181818
60	1.008181818181818
61	1.008181818181818
61	1.008181818181818
62	1.008181818181818
62	1.008181818181818
63	1.008181818181818
63	1.008181818181818
64	1.008181818181818
64	1.008181818181818
65	1.008181818181818
65	1.008181818181818
66	1.008181818181818
66	1.008181818181818
67	1.008181818181818
67	1.008181818181818
68	1.008181818181818
68	1.0075
69	1.0075
69	1.0075
70	1.0075
70	1.0075
71	1.0075
71	1.0075
72	1.0075
72	1.0075
73	1.0075
73	1.0075
74	1.0075
74	1.0075
75	1.0075
75	1.0075
76	1.0075
76	1.0075
77	1.0075
77	1.0075
78	1.0075
78	1.0075
79	1.0075
79	1.0075
80	1.0075
80	1.0075
81	1.0075
81	1.0075
82	1.0075
82	1.0075
83	1.0075
83	1.0075
84	1.0075
84	1.0075
85	1.0075
85	1.0075
86	1.0075
86	1.0075
87	1.0075
87	1.0075
88	1.0075
88	1.0075
89	1.0075
89	1.0075
90	1.0075
90	1.0075
91	1.0075
91	1.0075
92	1.0075
92	1.0075
93	1.0075
93	1.0075
94	1.0075
94	1.0075
95	1.0075
95	1.0075
96	1.0075
96	1.0075
97	1.0075
97	1.0075
98	1.0075
98	1.0075
99	1.0075
99	1.003076923076923
100	1.003076923076923
100	1.003076923076923
101	1.003076923076923
101	1.004
102	1.004
102	1.004
103	1.004
103	1.004
104	1.004
104	1.004
105	1.004
105	1.004
106	1.004
106	1.004
107	1.004
107	1.004
108	1.004
108	1.004
109	1.004
109	1.004
110	1.004
110	1.004
111	1.004
111	1.004
112	1.004
112	1.004
113	1.004
113	1.0072727272727273
114	1.0072727272727273
114	1.008
115	1.008
115	1.008
116	1.008
116	1.008
117	1.008
117	1.009090909090909
118	1.009090909090909
118	1.009090909090909
119	1.009090909090909
119	1.009090909090909
120	1.009090909090909
120	1.009090909090909
121	1.009090909090909
121	1.009090909090909
122	1.009090909090909
122	1.009090909090909
123	1.009090909090909
123	1.009090909090909
124	1.009090909090909
124	1.009090909090909
125	1.009090909090909
125	1.009090909090909
126	1.009090909090909
126	1.009090909090909
127	1.009090909090909
127	1.009090909090909
128	1.009090909090909
128	1.009090909090909
129	1.009090909090909
129	1.009090909090909
130	1.009090909090909
130	1.0016666666666667
131	1.0016666666666667
131	1.0016666666666667
132	1.0016666666666667
132	1.0016666666666667
133	1.0016666666666667
133	1.0016666666666667
134	1.0016666666666667
134	1.0016666666666667
135	1.0016666666666667
135	1.0016666666666667
136	1.0016666666666667
136	1.0016666666666667
137	1.0016666666666667
137	1.0016666666666667
138	1.0016666666666667
138	1.0016666666666667
139	1.0016666666666667
139	1.0016666666666667
140	1.0016666666666667
140	1.0016666666666667
141	1.0016666666666667
141	1.0016666666666667
142	1.0016666666666667
142	1.0016666666666667
143	1.0016666666666667
143	1.0016666666666667
144	1.0016666666666667
144	1.0016666666666667
145	1.0016666666666667
145	1.0016666666666667
146	1.0016666666666667
146	1.0016666666666667
147	1.0016666666666667
147	1.0016666666666667
148	1.0016666666666667
148	1.0016666666666667
149	1.0016666666666667
149	1.0016666666666667
150	1.0016666666666667
150	1.0050000000000001
151	1.0050000000000001
151	1.0050000000000001
152	1.0050000000000001
152	1.0050000000000001
153	1.0050000000000001
153	1.0055555555555555
154	1.0055555555555555
154	1.0055555555555555
155	1.0055555555555555
155	1.0010000000000001
156	1.0010000000000001
156	1.001
157	1.001
157	1.001
158	1.001
158	1.001
159	1.001
159	1.001
160	1.001
160	1.008181818181818
161	1.008181818181818
161	1.008181818181818
162	1.008181818181818
162	1.008181818181818
163	1.008181818181818
163	1.008181818181818
164	1.008181818181818
164	1.008181818181818
165	1.008181818181818
165	1.008181818181818
166	1.008181818181818
166	1.008181818181818
167	1.008181818181818
167	1.008181818181818
168	1.008181818181818
168	1.008181818181818
169	1.008181818181818
169	1.008181818181818
170	1.008181818181818
170	1.008181818181818
171	1.008181818181818
171	1.008181818181818
172	1.008181818181818
172	1.008181818181818
173	1.008181818181818
173	1.008181818181818
174	1.008181818181818
174	1.008181818181818
175	1.008181818181818
175	1.008181818181818
176	1.008181818181818
176	1.008181818181818
177	1.008181818181818
177	1.0075
178	1.0075
178	1.0075
179	1.0075
179	1.0069230769230768
180	1.0069230769230768
180	1.0069230769230768
181	1.0069230769230768
181	1.0069230769230768
182	1.0069230769230768
182	1.0064285714285715
183	1.0064285714285715
183	1.0064285714285715
184	1.0064285714285715
184	1.006
185	1.006
185	1.005294117647059
186	1.005294117647059
186	1.005294117647059
187	1.005294117647059
187	1.005
188	1.005
188	1.0047368421052632
189	1.0047368421052632
189	1.0045
190	1.0045
190	1.0042857142857142
191	1.0042857142857142
191	1.0040909090909091
192	1.0040909090909091
192	1.0077272727272728
193	1.0077272727272728
193	1.0073913043478262
194	1.0073913043478262
194	1.0070833333333333
195	1.0070833333333333
195	1.0070833333333333
196	1.0070833333333333
196	1.0039130434782608
197	1.0039130434782608
197	1.0039130434782608
198	1.0039130434782608
198	1.0039130434782608
199	1.0039130434782608
199	1.0039130434782608
200	1.0039130434782608
200	1.0039130434782608
201	1.0039130434782608
201	1.0042857142857142
202	1.0042857142857142
202	1.0042857142857142
203	1.0042857142857142
203	1.0042857142857142
204	1.0042857142857142
204	1.0042857142857142
205	1.0042857142857142
205	1.0042857142857142
206	1.0042857142857142
206	1.0042857142857142
207	1.0042857142857142
207	1.0042857142857142
208	1.0042857142857142
208	1.0042857142857142
209	1.0042857142857142
209	1.0042857142857142
210	1.0042857142857142
210	1.0042857142857142
211	1.0042857142857142
211	1.0042857142857142
212	1.0042857142857142
212	1.0025
213	1.0025
213	1.0025
214	1.0025
214	1.0025
215	1.0025
215	1.0025
216	1.0025
216	1.0025
217	1.0025
217	1.0025
218	1.0025
218	1.0025
219	1.0025
219	1.0025
220	1.0025
220	1.0025
221	1.0025
221	1.0025
222	1.0025
222	1.0025
223	1.0025
223	1.0025
224	1.0025
224	1.0025
