0	0
0	0.0
1	0.0
1	0.0
2	0.0
2	0.0
3	0.0
3	0.0
4	0.0
4	0.0
5	0.0
5	0.0
6	0.0
6	0.0
7	0.0
7	0.0
8	0.0
8	0.0
9	0.0
9	0.0
10	0.0
10	0.0
11	0.0
11	0.0
12	0.0
12	0.0
13	0.0
13	0.0
14	0.0
14	0.0
15	0.0
15	0.0
16	0.0
16	0.0
17	0.0
17	0.0
18	0.0
18	0.0
19	0.0
19	0.0
20	0.0
20	0.0
21	0.0
21	0.0
22	0.0
22	0.0
23	0.0
23	0.0
24	0.0
24	0.0
25	0.0
25	0.0
26	0.0
26	0.0
27	0.0
27	0.0
28	0.0
28	0.0
29	0.0
29	0.0
30	0.0
30	0.0
31	0.0
31	0.0
32	0.0
32	0.0
33	0.0
33	0.0
34	0.0
34	0.0
35	0.0
35	0.0
36	0.0
36	0.0
37	0.0
37	0.0
38	0.0
38	0.0
39	0.0
39	0.0
40	0.0
40	0.0
41	0.0
41	0.0
42	0.0
42	0.0
43	0.0
43	0.0
44	0.0
44	0.0
45	0.0
45	0.0
46	0.0
46	0.0
47	0.0
47	0.0
48	0.0
48	0.0
49	0.0
49	0.0
50	0.0
50	0.0
51	0.0
51	0.0
52	0.0
52	0.0
53	0.0
53	0.0
54	0.0
54	0.0
55	0.0
55	0.0
56	0.0
56	0.0
57	0.0
57	0.0
58	0.0
58	0.0
59	0.0
59	0.0
60	0.0
60	0.0
61	0.0
61	0.0
62	0.0
62	0.0
63	0.0
63	0.0
64	0.0
64	0.0
65	0.0
65	0.0
66	0.0
66	0.0
67	0.0
67	0.0
68	0.0
68	0.0
69	0.0
69	0.0
70	0.0
70	0.0
71	0.0
71	0.0
72	0.0
72	0.0
73	0.0
73	0.0
74	0.0
74	0.0
75	0.0
75	0.0
76	0.0
76	0.0
77	0.0
77	0.0
78	0.0
78	0.0
79	0.0
79	0.0
80	0.0
80	0.0
81	0.0
81	0.0
82	0.0
82	0.0
83	0.0
83	0.0
84	0.0
84	0.0
85	0.0
85	0.0
86	0.0
86	0.0
87	0.0
87	0.0
88	0.0
88	0.0
89	0.0
89	0.0
90	0.0
90	0.0
91	0.0
91	0.0
92	0.0
92	0.0
93	0.0
93	0.0
94	0.0
94	0.0
95	0.0
95	0.0
96	0.0
96	0.0
97	0.0
97	0.0
98	0.0
98	0.0
99	0.0
99	0.0
100	0.0
100	0.0
101	0.0
101	0.0
102	0.0
102	0.0
103	0.0
103	0.0
104	0.0
104	0.0
105	0.0
105	0.0
106	0.0
106	0.0
107	0.0
107	0.0
108	0.0
108	0.0
109	0.0
109	0.0
110	0.0
110	0.0
111	0.0
111	0.0
112	0.0
112	0.0
113	0.0
113	0.0
114	0.0
114	0.0
115	0.0
115	0.0
116	0.0
116	0.0
117	0.0
117	0.09090909090909091
118	0.09090909090909091
118	0.09090909090909091
119	0.09090909090909091
119	0.09090909090909091
120	0.09090909090909091
120	0.09090909090909091
121	0.09090909090909091
121	0.09090909090909091
122	0.09090909090909091
122	0.09090909090909091
123	0.09090909090909091
123	0.09090909090909091
124	0.09090909090909091
124	0.09090909090909091
125	0.09090909090909091
125	0.09090909090909091
126	0.09090909090909091
126	0.09090909090909091
127	0.09090909090909091
127	0.09090909090909091
128	0.09090909090909091
128	0.09090909090909091
129	0.09090909090909091
129	0.09090909090909091
130	0.09090909090909091
130	0.08333333333333333
131	0.08333333333333333
131	0.08333333333333333
132	0.08333333333333333
132	0.08333333333333333
133	0.08333333333333333
133	0.08333333333333333
134	0.08333333333333333
134	0.08333333333333333
135	0.08333333333333333
135	0.08333333333333333
136	0.08333333333333333
136	0.08333333333333333
137	0.08333333333333333
137	0.08333333333333333
138	0.08333333333333333
138	0.08333333333333333
139	0.08333333333333333
139	0.08333333333333333
140	0.08333333333333333
140	0.08333333333333333
141	0.08333333333333333
141	0.08333333333333333
142	0.08333333333333333
142	0.08333333333333333
143	0.08333333333333333
143	0.08333333333333333
144	0.08333333333333333
144	0.08333333333333333
145	0.08333333333333333
145	0.08333333333333333
146	0.08333333333333333
146	0.08333333333333333
147	0.08333333333333333
147	0.08333333333333333
148	0.08333333333333333
148	0.08333333333333333
149	0.08333333333333333
149	0.08333333333333333
150	0.08333333333333333
150	0.0
151	0.0
151	0.0
152	0.0
152	0.0
153	0.0
153	0.0
154	0.0
154	0.0
155	0.0
155	0.1
156	0.1
156	0.1
157	0.1
157	0.1
158	0.1
158	0.1
159	0.1
159	0.1
160	0.1
160	0.09090909090909091
161	0.09090909090909091
161	0.09090909090909091
162	0.09090909090909091
162	0.09090909090909091
163	0.09090909090909091
163	0.09090909090909091
164	0.09090909090909091
164	0.09090909090909091
165	0.09090909090909091
165	0.09090909090909091
166	0.09090909090909091
166	0.09090909090909091
167	0.09090909090909091
167	0.09090909090909091
168	0.09090909090909091
168	0.09090909090909091
169	0.09090909090909091
169	0.09090909090909091
170	0.09090909090909091
170	0.09090909090909091
171	0.09090909090909091
171	0.09090909090909091
172	0.09090909090909091
172	0.09090909090909091
173	0.09090909090909091
173	0.09090909090909091
174	0.09090909090909091
174	0.09090909090909091
175	0.09090909090909091
175	0.09090909090909091
176	0.09090909090909091
176	0.09090909090909091
177	0.09090909090909091
177	0.08333333333333333
178	0.08333333333333333
178	0.08333333333333333
179	0.08333333333333333
179	0.07692307692307693
180	0.07692307692307693
180	0.07692307692307693
181	0.07692307692307693
181	0.07692307692307693
182	0.07692307692307693
182	0.07142857142857142
183	0.07142857142857142
183	0.07142857142857142
184	0.07142857142857142
184	0.06666666666666667
185	0.06666666666666667
185	0.058823529411764705
186	0.058823529411764705
186	0.058823529411764705
187	0.058823529411764705
187	0.05555555555555555
188	0.05555555555555555
188	0.05263157894736842
189	0.05263157894736842
189	0.05
190	0.05
190	0.047619047619047616
191	0.047619047619047616
191	0.045454545454545456
192	0.045454545454545456
192	0.045454545454545456
193	0.045454545454545456
193	0.043478260869565216
194	0.043478260869565216
194	0.041666666666666664
195	0.041666666666666664
195	0.041666666666666664
196	0.041666666666666664
196	0.043478260869565216
197	0.043478260869565216
197	0.043478260869565216
198	0.043478260869565216
198	0.043478260869565216
199	0.043478260869565216
199	0.043478260869565216
200	0.043478260869565216
200	0.043478260869565216
201	0.043478260869565216
201	0.047619047619047616
202	0.047619047619047616
202	0.047619047619047616
203	0.047619047619047616
203	0.047619047619047616
204	0.047619047619047616
204	0.047619047619047616
205	0.047619047619047616
205	0.047619047619047616
206	0.047619047619047616
206	0.047619047619047616
207	0.047619047619047616
207	0.047619047619047616
208	0.047619047619047616
208	0.047619047619047616
209	0.047619047619047616
209	0.047619047619047616
210	0.047619047619047616
210	0.047619047619047616
211	0.047619047619047616
211	0.047619047619047616
212	0.047619047619047616
212	0.05
213	0.05
213	0.05
214	0.05
214	0.05
215	0.05
215	0.05
216	0.05
216	0.05
217	0.05
217	0.05
218	0.05
218	0.05
219	0.05
219	0.05
220	0.05
220	0.05
221	0.05
221	0.05
222	0.05
222	0.05
223	0.05
223	0.05
224	0.05
224	0.05
